,u_id,drunk_driver_involved,other,speeding_driver_involved
0,41633,0.01631015237138349,0.9535539050014081,0.030135942627208385
1,38966,0.5850210565053964,0.3001404575604831,0.11483848593412059
2,24020,0.06916124291224217,0.9050386126189267,0.02580014446883125
3,52280,0.019649969817833724,0.9681627822718915,0.012187247910275005
4,47480,0.3370322722281549,0.4921014341374674,0.1708662936343778
5,53521,0.46004837703254725,0.198180212355977,0.3417714106114757
6,21812,0.07061959293628685,0.7743073256000956,0.15507308146361756
7,40144,0.20973678205274615,0.4913840876844797,0.2988791302627741
8,16280,0.3005807515952449,0.4006514475252787,0.29876780087947635
9,21569,0.2575914984058169,0.5280254962281627,0.21438300536602037
10,8455,0.10506545354053487,0.7493521644338501,0.145582382025615
11,5675,0.03884995784535449,0.9163009588452455,0.04484908330939989
12,5689,0.03288674540132074,0.8872799617260777,0.07983329287260157
13,20239,0.6723694208720048,0.1610216520791316,0.16660892704886351
14,708,0.6258100998499515,0.04584015848638253,0.3283497416636658
15,43117,0.11259326603186223,0.5683766489859338,0.319030084982204
16,50159,0.07460736701634564,0.7702481795021867,0.15514445348146755
17,5898,0.26306619929234987,0.4799717202398405,0.2569620804678096
18,20435,0.07494753028568701,0.3598102974016247,0.5652421723126884
19,45560,0.059175217826628435,0.7983718709603755,0.14245291121299603
20,28801,0.02597792974120265,0.9538296339169189,0.020192436341878638
21,36975,0.07220750730775866,0.8197557494332528,0.10803674325898842
22,34436,0.034768103876720434,0.3110039710716043,0.6542279250516752
23,11661,0.18715470280692087,0.6808877577283381,0.13195753946474112
24,11694,0.7513052691243475,0.06002446364484197,0.1886702672308105
25,41285,0.04596488156407013,0.9197490728158054,0.03428604562012437
26,13446,0.4988527837186462,0.23650452966120286,0.264642686620151
27,54630,0.31949764113059775,0.6096215595103833,0.07088079935901892
28,34279,0.14315727133371667,0.7197836141562938,0.13705911450998962
29,50501,0.008977209496675853,0.9786050386407679,0.012417751862556519
30,2324,0.039713243524421196,0.05836500489130608,0.9019217515842728
31,56008,0.6091503560436604,0.14223278798662045,0.24861685596971908
32,5028,0.2140394379916258,0.5529433012289214,0.23301726077945273
33,2110,0.01384760023393675,0.9427284670941042,0.043423932671959146
34,37801,0.04379828854106323,0.8927472682456598,0.06345444321327712
35,22616,0.13825861676042187,0.45048107361697676,0.4112603096226014
36,11429,0.20193174279219725,0.7446664134872707,0.05340184372053211
37,16439,0.12981860445992244,0.6532775471318307,0.21690384840824692
38,9751,0.1334166498024283,0.6292141732829369,0.23736917691463466
39,4782,0.09125442211358685,0.8711525418244264,0.03759303606198681
40,43275,0.04933601086767807,0.8581854687888122,0.0924785203435098
41,24257,0.06626703302806836,0.8842431636839229,0.049489803288008706
42,31429,0.579504655482099,0.2625352262341349,0.1579601182837661
43,24459,0.35164666198672256,0.30826777723043985,0.3400855607828377
44,43924,0.23498732869552597,0.17226551757660039,0.5927471537278737
45,19478,0.017385721319146744,0.9670604157175232,0.015553862963330105
46,54000,0.22259512104970877,0.5598949476459859,0.21750993130430538
47,9140,0.010174017392537609,0.9746020153999622,0.015223967207500291
48,51099,0.29989130694564614,0.4367515559973448,0.2633571370570092
49,18233,0.15149853482937184,0.618757030549253,0.22974443462137517
50,14160,0.25074383859247584,0.6247083066886681,0.12454785471885611
51,31111,0.1236692244420436,0.7700749371044603,0.10625583845349613
52,29275,0.4092448852440036,0.38542771497617484,0.20532739977982167
53,14615,0.1136645644515536,0.2727252045152283,0.6136102310332182
54,23616,0.6337487620550308,0.09755251542799777,0.2686987225169715
55,24351,0.6716675798341265,0.11155170468971434,0.2167807154761591
56,44180,0.05960013711579886,0.800414414273387,0.13998544861081422
57,37860,0.23341967543258674,0.4568932845536602,0.3096870400137531
58,29410,0.3931923227249132,0.15365513032985978,0.45315254694522694
59,40238,0.1885763511704689,0.6358285271216105,0.1755951217079207
60,56425,0.04389122301434456,0.8677874231609868,0.08832135382466859
61,16538,0.13523224896081382,0.7857660264150842,0.07900172462410206
62,39309,0.43836561933070295,0.23871805370513177,0.32291632696416533
63,5963,0.01305150328415404,0.9154743179981354,0.07147417871771057
64,9060,0.017669220759941963,0.964184702610914,0.018146076629143852
65,24108,0.015996113500214255,0.9588507289136523,0.02515315758613344
66,27739,0.1974638439050768,0.7106072265600591,0.09192892953486398
67,1369,0.16269857625563236,0.644038893709357,0.19326253003501057
68,24505,0.005147333601801532,0.9812355687384605,0.013617097659738087
69,28112,0.2345059409680559,0.6390025048927819,0.12649155413916238
70,3101,0.16358210396936995,0.6755936979712656,0.1608241980593645
71,30823,0.12260419462679296,0.7936463777685874,0.08374942760461956
72,55844,0.020008061698775007,0.9664034659760183,0.013588472325206517
73,46647,0.12980374511146117,0.6810455396407112,0.18915071524782756
74,14562,0.5532997977544841,0.060461200396513155,0.38623900184900256
75,12603,0.015992355741547087,0.9505730129480178,0.03343463131043517
76,12031,0.014110401566456779,0.9673504641585402,0.0185391342750029
77,42159,0.1050472803331146,0.44827530943841437,0.44667741022847096
78,48553,0.05429796398613127,0.8828783447364469,0.06282369127742175
79,17392,0.46299005530087467,0.11780347632287892,0.4192064683762465
80,46876,0.40122484558212945,0.2974556744824677,0.3013194799354029
81,2283,0.180664101334997,0.5689429723694809,0.25039292629552207
82,9255,0.2966528762079661,0.5104177302976801,0.19292939349435373
83,42651,0.49141551241711534,0.22360692538100205,0.2849775622018825
84,31176,0.046887845123150966,0.9193839124894678,0.03372824238738124
85,9786,0.1346766940725281,0.6443388428637953,0.22098446306367656
86,33619,0.3732522154127025,0.24224735069784453,0.38450043388945304
87,8229,0.6514622895825355,0.24549572203734907,0.10304198838011522
88,7545,0.0028545486555337446,0.9880036969218875,0.009141754422578889
89,34573,0.048382388876002096,0.8501684711703281,0.10144913995366966
90,25763,0.5465923958363419,0.13930319480518336,0.31410440935847483
91,41426,0.05583133676239495,0.8864155191281541,0.05775314410945106
92,16941,0.6058234923105583,0.2005514953304194,0.1936250123590222
93,22237,0.08556354662090379,0.7830814294018845,0.13135502397721158
94,27117,0.010852535288764948,0.9750834588511864,0.014064005860048532
95,15653,0.66526274412485,0.1986379216610536,0.1360993342140963
96,33491,0.04043145347605633,0.9497124045387433,0.009856141985200285
97,48896,0.05156806686273995,0.8611714091821662,0.08726052395509404
98,49075,0.05876497826831153,0.8325294550667597,0.10870556666492892
99,41040,0.10387257939674398,0.7909594970371577,0.10516792356609841
100,26077,0.03784453061187311,0.9434354398006232,0.01872002958750381
101,19691,0.10417155906820294,0.5296020893651188,0.3662263515666784
102,55898,0.47301216859164436,0.3111300940869465,0.2158577373214092
103,45949,0.033716350947890696,0.8795051799952487,0.0867784690568607
104,12834,0.018488151195224362,0.973227612449574,0.008284236355201582
105,35637,0.27761737133182335,0.5091384934872206,0.21324413518095597
106,44521,0.27112077696650505,0.5227785345268662,0.20610068850662866
107,40568,0.6650393017692425,0.23792218540838656,0.09703851282237089
108,11107,0.8049155401727525,0.05372485536108675,0.14135960446616083
109,54652,0.37347065274281205,0.517702222612016,0.10882712464517189
110,6372,0.02190822859578021,0.961119627823027,0.016972143581192808
111,3757,0.6320406105198436,0.16610149924961748,0.20185789023053863
112,16157,0.029582155627560572,0.9399331506299998,0.03048469374243963
113,38320,0.11780061768386707,0.8268804968960975,0.05531888542003533
114,24591,0.06290609417656078,0.7426794887450308,0.1944144170784085
115,42390,0.06578304952899483,0.8582495096189693,0.07596744085203598
116,20051,0.32559934567889576,0.6197543025276772,0.05464635179342691
117,24556,0.014366558060217381,0.9750352948851764,0.01059814705460632
118,141,0.2753077910335751,0.3104556487284598,0.41423656023796523
119,52343,0.5422324329185327,0.2731533173497143,0.18461424973175297
120,47500,0.03342767504472448,0.9144807545913934,0.052091570363881935
121,51130,0.13906927836146865,0.45160434320969367,0.40932637842883757
122,16451,0.053844106268301134,0.726244967937256,0.21991092579444302
123,25644,0.04035313777852057,0.9272952394753109,0.03235162274616873
124,36079,0.386035294297715,0.46967063007877324,0.14429407562351168
125,54028,0.0964237558615597,0.5114351748289636,0.3921410693094767
126,44271,0.011221362295935977,0.966308193600915,0.02247044410314886
127,36508,0.006419322779349187,0.9879333400308187,0.00564733718983204
128,13121,0.22315534112320956,0.6784843631427401,0.09836029573405045
129,42941,0.8094141958573198,0.10340114065888524,0.08718466348379508
130,2735,0.693608904392547,0.2577856394461812,0.04860545616127169
131,48711,0.29414530495848984,0.472434462118279,0.23342023292323102
132,56580,0.06257768318030527,0.5719656180367111,0.3654566987829835
133,10832,0.15806021856378333,0.29355090062636496,0.5483888808098517
134,35993,0.5646473841289541,0.2804591939852043,0.15489342188584157
135,10808,0.3915084700468698,0.33258726741895805,0.27590426253417205
136,30409,0.598328015517805,0.1436131035561922,0.2580588809260028
137,26535,0.2165266729983308,0.6877331821244086,0.09574014487726075
138,54700,0.04049667054194314,0.9100304579004109,0.04947287155764597
139,35679,0.6899724005069103,0.15758534660027657,0.15244225289281318
140,25217,0.4288130641732255,0.25269018165808776,0.3184967541686868
141,18595,0.026831124309655847,0.7424261367121695,0.2307427389781746
142,41209,0.6148829044361909,0.30261605770086686,0.08250103786294234
143,47493,0.7131008189255643,0.16485332531721716,0.12204585575721846
144,21076,0.04352083244708173,0.1316530151698073,0.824826152383111
145,19368,0.2300745115850522,0.29485278713905294,0.4750727012758949
146,33028,0.013093551391693511,0.9663769238436808,0.020529524764625485
147,14008,0.12236045863315269,0.7174430552953079,0.16019648607153927
148,6024,0.342388421213816,0.4016394745689134,0.25597210421727046
149,19060,0.1626764856462427,0.3686343956578903,0.468689118695867
150,37271,0.2401973613692974,0.6298214975201728,0.12998114111052986
151,54704,0.3169894800797725,0.5023639332948037,0.18064658662542388
152,39376,0.6000326686485684,0.1679916041939947,0.23197572715743695
153,14850,0.5248088773447951,0.3280892459220163,0.14710187673318867
154,38003,0.5652405542634774,0.11735720626796046,0.31740223946856205
155,23905,0.020132801268997642,0.9628892836608256,0.016977915070176753
156,7648,0.02407939391765107,0.8209976270636912,0.15492297901865767
157,5822,0.09388204979080553,0.8264697895145291,0.07964816069466524
158,30125,0.02042035605526453,0.9376946378286832,0.04188500611605245
159,9443,0.0626540962407385,0.9200316735081567,0.017314230251104727
160,46440,0.18055461064015849,0.7908334369127916,0.028611952447049737
161,7492,0.11397005098493068,0.7634103530075973,0.12261959600747192
162,42875,0.12574985932086008,0.822481154958905,0.05176898572023503
163,50184,0.10621105210673672,0.8240443230539048,0.06974462483935832
164,13801,0.011006948694708458,0.8979030825519763,0.09108996875331546
165,29287,0.06829055880183942,0.8741891868388821,0.057520254359278586
166,23056,0.018734202954140255,0.9685161913870975,0.012749605658762273
167,19675,0.11391117666638982,0.7262734883874263,0.1598153349461837
168,40732,0.5625196201310975,0.2968561691181792,0.14062421075072326
169,43312,0.017544610345768392,0.9681859299536311,0.014269459700600486
170,35278,0.1650095811317681,0.6957060013857954,0.1392844174824366
171,46709,0.022928484082272906,0.9144560370197059,0.06261547889802123
172,16996,0.3550098320639371,0.4433824993797581,0.20160766855630483
173,48148,0.42618419269281166,0.5012679629817469,0.07254784432544138
174,25890,0.18506626309759797,0.6638059219319914,0.15112781497041058
175,36042,0.161286584037732,0.7396477862920364,0.09906562967023157
176,29864,0.2190086759913452,0.6616023923421814,0.11938893166647345
177,29485,0.6492869725327628,0.15009823720967388,0.2006147902575633
178,31672,0.6150567670096292,0.16822750154595875,0.21671573144441214
179,7037,0.04475898094265841,0.5704965877569707,0.38474443130037095
180,16510,0.3261864576980639,0.5256959767384015,0.1481175655635347
181,15775,0.4028155428885341,0.3356367539515687,0.2615477031598972
182,25888,0.016010448651585567,0.9470313148560363,0.03695823649237798
183,25008,0.07466211207466904,0.7692691805153428,0.15606870740998816
184,28926,0.38935872781548764,0.42079777978257127,0.18984349240194123
185,12229,0.6141951557487267,0.20003224706993017,0.185772597181343
186,24566,0.035823196571754375,0.9304505985205515,0.0337262049076942
187,46773,0.3306344266265259,0.3801006440005986,0.28926492937287535
188,2151,0.13949474900927225,0.6544609586284584,0.20604429236226934
189,43657,0.11524169672874561,0.7681643449716918,0.1165939582995627
190,15534,0.7053337632500022,0.13209244557667166,0.16257379117332604
191,18513,0.49795077733357335,0.2043976343140513,0.2976515883523753
192,27441,0.024947886025617115,0.8873292796034361,0.08772283437094668
193,31350,0.6384009602013571,0.27989678856199235,0.08170225123665051
194,26156,0.02824717698248167,0.9107205449073601,0.061032278110158114
195,34957,0.2060828497283832,0.6818589963057256,0.11205815396589133
196,1218,0.04931338255102818,0.9226162040482369,0.028070413400734878
197,27047,0.048605492301446555,0.8029120163179594,0.14848249138059408
198,38001,0.30820438189690796,0.4926375552019628,0.19915806290112925
199,50572,0.7284353379612072,0.1424022916203929,0.12916237041839992
200,2975,0.6625211743033593,0.14350724810741597,0.19397157758922484
201,43838,0.7741700990388461,0.09044044514131445,0.1353894558198395
202,38318,0.03762889492379302,0.7601066894570065,0.2022644156192006
203,50060,0.2621339231934639,0.1402289641290587,0.5976371126774773
204,597,0.15456443778797463,0.5541369179911678,0.2912986442208575
205,49345,0.03208396734780019,0.8638221129293561,0.10409391972284382
206,52595,0.09519725141629004,0.8517544819449828,0.053048266638727026
207,8547,0.08341735929130345,0.8693794323223525,0.04720320838634408
208,5445,0.57899055378463,0.21168962804183375,0.20931981817353612
209,33586,0.1322950522682025,0.2819736740151481,0.5857312737166495
210,24250,0.3370761308015697,0.4087035197018207,0.2542203494966097
211,9698,0.6092751842449708,0.23057052785580048,0.1601542878992286
212,43142,0.2487712556586503,0.4433616997361718,0.30786704460517794
213,54850,0.04585815444423977,0.8250340888558055,0.1291077566999547
214,30044,0.08013249859015943,0.7603119185680406,0.15955558284179985
215,45018,0.49781710746979324,0.3389643496451181,0.16321854288508877
216,35274,0.5822383142735197,0.206039697700691,0.21172198802578934
217,31101,0.09814014769914947,0.7650530053495777,0.1368068469512729
218,16795,0.056645356089885135,0.8723537005538178,0.07100094335629696
219,6373,0.3597904449215684,0.29829291443438305,0.3419166406440485
220,55332,0.10850151262548996,0.07382053997133046,0.8176779474031796
221,476,0.45286466759327915,0.2483708989486807,0.29876443345804016
222,32311,0.04975397520316622,0.9332129829260755,0.017033041870758187
223,51552,0.11262143789754085,0.7592520510278555,0.12812651107460363
224,23394,0.019198210854172164,0.9148203263913476,0.0659814627544802
225,16552,0.04376182362722529,0.9345463177140704,0.021691858658704415
226,40070,0.10103481400621123,0.7780376229635924,0.12092756303019637
227,11111,0.6115700130373621,0.12148031448056962,0.26694967248206825
228,42806,0.5052980521515588,0.29880901176560376,0.1958929360828374
229,11688,0.015834002794990584,0.9724388173284555,0.011727179876553862
230,51155,0.03665941880261022,0.9466930080826583,0.016647573114731307
231,30304,0.12447950049183479,0.7785785428859721,0.09694195662219311
232,39993,0.22201633810778773,0.3357344621722547,0.4422491997199575
233,19719,0.4590491183582465,0.4462357061291116,0.09471517551264197
234,7145,0.4022856638873425,0.22584800670294175,0.37186632940971565
235,32917,0.043899015870214796,0.923010718779092,0.033090265350693183
236,2909,0.22756905223429041,0.5580206025119071,0.21441034525380243
237,50415,0.019535763967108263,0.9607566926125097,0.019707543420381963
238,9481,0.2982490206802782,0.5899142303195053,0.11183674900021638
239,53804,0.0705093876097898,0.7367232080249598,0.1927674043652504
240,33730,0.057725093411852814,0.8767516894113547,0.06552321717679249
241,21725,0.05444459812936976,0.5852776481269818,0.3602777537436485
242,11527,0.1279934588196913,0.7452326463179011,0.12677389486240762
243,50323,0.13256144887687285,0.7669752888161243,0.10046326230700281
244,13233,0.4776106674903665,0.36467591380399816,0.15771341870563524
245,53672,0.3506768747054746,0.34151672374220526,0.3078064015523201
246,46273,0.8160767398232308,0.08023899048677775,0.10368426968999149
247,30568,0.10601307633849906,0.4051273166528862,0.48885960700861475
248,31852,0.6157041484792026,0.21414240592858141,0.17015344559221607
249,37402,0.033182689261875384,0.08795763633127916,0.8788596744068455
250,8258,0.024669194876984425,0.9580214130032945,0.01730939211972121
251,23833,0.08669197453309231,0.8273900742227978,0.08591795124410997
252,34908,0.0514341626847734,0.8545861366572433,0.09397970065798339
253,38631,0.10787823431369252,0.625049771957178,0.26707199372912943
254,16323,0.017775962704025944,0.966773826912662,0.01545021038331219
255,36058,0.28251993083400845,0.06968983308936601,0.6477902360766257
256,3140,0.19019536979656926,0.24217503480052902,0.5676295954029017
257,12879,0.3463623115965521,0.5492655888517356,0.10437209955171227
258,56517,0.02093378134611626,0.9614450373005576,0.01762118135332597
259,42584,0.04312793945751471,0.9003055557524742,0.05656650479001101
260,52107,0.3027533627902235,0.4148913605046406,0.28235527670513577
261,50087,0.2465393726257023,0.5176323743867004,0.23582825298759738
262,37358,0.5295497874518987,0.3377138306669606,0.13273638188114073
263,26521,0.19500173224814107,0.699408757888956,0.10558950986290291
264,17886,0.16613052111303073,0.6958246863775496,0.1380447925094198
265,6037,0.13858873975250413,0.055563611643422856,0.805847648604073
266,41548,0.49164306635394806,0.3229529318664349,0.18540400177961694
267,48889,0.42785341869648413,0.3954941059148444,0.1766524753886714
268,32258,0.10325809902993494,0.6329319303172407,0.26380997065282435
269,12876,0.15097448627006185,0.6063581685225261,0.24266734520741212
270,13409,0.8333988946798699,0.09127835036977762,0.07532275495035236
271,53096,0.7934729984812418,0.12918634814944832,0.0773406533693098
272,38329,0.5856487554218464,0.33302577096233066,0.08132547361582297
273,1852,0.09715775134097067,0.8830660850335935,0.01977616362543572
274,29177,0.25167745493208393,0.549213651758063,0.19910889330985296
275,29163,0.07237763139187404,0.8366865963512965,0.09093577225682954
276,7965,0.02798616291639021,0.9389845342423235,0.03302930284128613
277,16880,0.18884172616581488,0.5635748454861459,0.24758342834803915
278,21098,0.017462516996266646,0.9323297058019056,0.050207777201827834
279,6952,0.7369503205337457,0.24279574419740316,0.020253935268851206
280,51571,0.02323802568893104,0.843505887800992,0.13325608651007698
281,8957,0.027586923001923287,0.7063107143369997,0.26610236266107706
282,42865,0.03824478198583271,0.906047603873375,0.05570761414079213
283,49753,0.1762623721623918,0.7099255225017755,0.11381210533583265
284,39567,0.38206339471899453,0.2803537749989795,0.33758283028202607
285,8664,0.17262021528822677,0.566487486317102,0.26089229839467126
286,44238,0.06957704280030041,0.8891055119161841,0.04131744528351555
287,36626,0.03989527166162094,0.920798694787728,0.03930603355065109
288,31893,0.013810303193668026,0.9433321810111066,0.04285751579522529
289,19693,0.011713260846867697,0.9756029964380339,0.012683742715098284
290,6959,0.04756649215222678,0.8868886136682187,0.06554489417955443
291,43936,0.10005157247497773,0.4225527766033036,0.47739565092171876
292,55063,0.29946162158028267,0.5576204466822658,0.14291793173745163
293,14801,0.561100493911699,0.2764768730169557,0.16242263307134527
294,28733,0.061151550413940346,0.709969152203446,0.22887929738261373
295,30922,0.031233142700932595,0.8824697912982606,0.08629706600080678
296,36645,0.12050547205961522,0.7511281627334163,0.12836636520696854
297,16282,0.5290151825684897,0.27022233264404943,0.20076248478746095
298,56287,0.02619266523524023,0.9535386318742379,0.020268702890521902
299,32683,0.008923221353902314,0.9597667680411024,0.03131001060499527
300,46794,0.056915083920214576,0.6439898634985338,0.2990950525812517
301,16376,0.19855173939089768,0.5714387877963054,0.23000947281279693
302,14419,0.13167314729141402,0.6854415584640319,0.182885294244554
303,10910,0.7376933013710396,0.22568930888595068,0.03661738974300972
304,3825,0.22236025760413022,0.6631347450755247,0.11450499732034505
305,43013,0.07280477686846817,0.854422967224988,0.07277225590654379
306,38783,0.11814169513879075,0.8089691659012821,0.0728891389599271
307,29420,0.1959260842851333,0.4691381637630278,0.33493575195183883
308,49516,0.13068282783174714,0.7059867695592168,0.16333040260903617
309,55474,0.25343105821754414,0.5079651895968625,0.23860375218559332
310,6992,0.26527624337147665,0.5858708544174875,0.14885290221103575
311,18823,0.05218189041306748,0.8838639565455276,0.0639541530414049
312,37954,0.04605741726801502,0.8994195182950008,0.05452306443698415
313,13050,0.1653363819485521,0.6895162129831796,0.14514740506826831
314,41886,0.02815169814666546,0.5015693421649876,0.47027895968834693
315,24955,0.042266817755693714,0.9176394878103268,0.04009369443397948
316,30837,0.0032580331861034413,0.9914299171749528,0.005312049638943775
317,34736,0.028584813708427276,0.9105853553414875,0.0608298309500851
318,12008,0.6466186310615444,0.23046239264790483,0.12291897629055072
319,3739,0.09371072368375769,0.3129151113168602,0.5933741649993822
320,48479,0.25152689609370915,0.5065699838660814,0.24190312004020953
321,7496,0.31689884440418487,0.5068225974950648,0.1762785581007504
322,21140,0.5134935622468794,0.29060442529163066,0.19590201246149008
323,46762,0.030623525177372764,0.8724710988418309,0.09690537598079638
324,33878,0.21037435079589614,0.3016100483336368,0.4880156008704671
325,50633,0.1276164482146382,0.8106221088417892,0.06176144294357259
326,35710,0.3392881696269524,0.2919256834564824,0.368786146916565
327,4732,0.33603352999197694,0.4748941908324094,0.1890722791756134
328,46814,0.6958863846543979,0.16518746495447773,0.13892615039112438
329,36216,0.20790308135213578,0.5444277077779839,0.24766921086988025
330,17130,0.14283084510348168,0.4290731222621672,0.4280960326343512
331,52079,0.4609863605040347,0.36133337106194535,0.17768026843401993
332,5672,0.053085588249694234,0.7263207122121329,0.22059369953817284
333,48823,0.1477998906738997,0.675598903476989,0.17660120584911132
334,36815,0.12870476536933473,0.7106883148600289,0.16060691977063635
335,11579,0.011369501821058007,0.9353591209827669,0.05327137719617518
336,24317,0.22381832938822965,0.6271164126321266,0.1490652579796438
337,23830,0.015769484280310518,0.9629693010050666,0.021261214714622792
338,48526,0.3454804390229883,0.3814061205106458,0.27311344046636604
339,41617,0.6504618807433127,0.18673172226885895,0.16280639698782823
340,31096,0.04261919512305253,0.911203174098354,0.04617763077859331
341,23505,0.6473154621576857,0.2622010721216288,0.09048346572068568
342,45385,0.09997716826855188,0.8008290762322281,0.09919375549921998
343,28616,0.057238702000359416,0.8853083258971449,0.057452972102495704
344,53889,0.10246154993955703,0.1700964738184959,0.7274419762419472
345,8130,0.43453433002411934,0.1636597628904887,0.401805907085392
346,50511,0.7841484336937411,0.10910003320204638,0.10675153310421262
347,11048,0.0897746210950577,0.3524224966228156,0.5578028822821267
348,45439,0.1539642095436186,0.6132827747208077,0.23275301573557372
349,47628,0.3745772386589971,0.3626375842152373,0.2627851771257657
350,19442,0.41524636204872933,0.37009854477125465,0.21465509318001613
351,50348,0.010939385957153215,0.972451413636323,0.016609200406523764
352,45125,0.18620247147507335,0.673797285603794,0.14000024292113267
353,15480,0.016705778489259308,0.9572048880863743,0.026089333424366406
354,5785,0.5342198884563555,0.4267343513824716,0.03904576016117283
355,22950,0.6473982934865806,0.24607504895016627,0.10652665756325322
356,48285,0.7640169546501921,0.11478620955790395,0.12119683579190389
357,39728,0.8268053762838752,0.11260024685153894,0.060594376864586
358,50648,0.048386037978132,0.9098452180078755,0.04176874401399245
359,39162,0.009290998653182185,0.9165538630963131,0.0741551382505046
360,17040,0.7168974119913026,0.14498342119105653,0.13811916681764086
361,41394,0.02832288860260704,0.9639456630356606,0.007731448361732337
362,53765,0.08360117161994728,0.7374367223237268,0.17896210605632584
363,43503,0.34535006503913046,0.5398149098052245,0.11483502515564505
364,8465,0.5596564937240606,0.232761058093359,0.20758244818258045
365,15858,0.26449140112024383,0.4038166401539458,0.33169195872581037
366,27992,0.039890887610804254,0.7475201208716954,0.2125889915175003
367,31428,0.5303481627610711,0.21214686335024585,0.25750497388868304
368,54432,0.6666627975923517,0.20220788785436403,0.13112931455328414
369,32182,0.05346909390995284,0.8719746785674292,0.0745562275226181
370,2410,0.014831200424416295,0.9000653033678483,0.08510349620773536
371,21454,0.344165419475187,0.3794874740548297,0.2763471064699834
372,15178,0.2500291872064779,0.5076476284627934,0.24232318433072858
373,43882,0.27584997782151544,0.13899643302746995,0.5851535891510146
374,45689,0.02925904463131186,0.8345417608242898,0.1361991945443985
375,16804,0.11968283401287683,0.18630014438514714,0.694017021601976
376,2799,0.4899423613249568,0.2099777645731492,0.30007987410189385
377,37350,0.35529516721734805,0.49949766015129315,0.14520717263135866
378,29841,0.4654152766072791,0.388071340533227,0.14651338285949392
379,12201,0.15802610981214682,0.7803383419928386,0.06163554819501464
380,32347,0.6714706246839497,0.1727958430376399,0.1557335322784104
381,27940,0.534589677505064,0.2661711061568308,0.1992392163381051
382,39360,0.3974722031244756,0.42980737715939793,0.17272041971612648
383,30727,0.009463382065592423,0.9691069403108703,0.0214296776235373
384,31648,0.5332127160582131,0.2625847241850193,0.20420255975676752
385,3549,0.09905969943720055,0.8262072341991453,0.074733066363654
386,53608,0.43554927382477915,0.06756932649035086,0.4968813996848701
387,48758,0.04819479140660813,0.8932077146926888,0.05859749390070314
388,24247,0.3954974173254939,0.532381244160271,0.07212133851423504
389,23458,0.015007242929760833,0.9784995414093658,0.006493215660873346
390,8034,0.6265962431128661,0.14155335863263052,0.23185039825450332
391,54189,0.30327540729497393,0.49160526559710443,0.20511932710792158
392,54589,0.4525988384631639,0.27533015402000344,0.27207100751683255
393,55756,0.3912716160863093,0.39165419181284683,0.21707419210084386
394,52810,0.013555391726500844,0.9769329768398602,0.009511631433638736
395,54475,0.036589673223329955,0.8166013073805076,0.14680901939616248
396,36344,0.4586922390545205,0.2392223935484282,0.30208536739705155
397,34187,0.6637494125430955,0.18337186037815134,0.1528787270787532
398,45882,0.03511822838974836,0.8830838491909573,0.08179792241929444
399,32637,0.6356208137335138,0.10342480737481588,0.2609543788916704
400,32794,0.03607695451468761,0.885385598850736,0.07853744663457635
401,48482,0.1956176626525508,0.5688370519882484,0.23554528535920072
402,30153,0.01110227804282614,0.9749127874588348,0.013984934498339008
403,27002,0.045862033477676235,0.9126948267046291,0.041443139817694596
404,1991,0.5745700558151013,0.27340099158824405,0.15202895259665458
405,41343,0.09667392241990733,0.8015669010690022,0.10175917651109037
406,12653,0.012652782887743519,0.9738239300611524,0.013523287051104267
407,16344,0.5621580419088081,0.40746315474878964,0.030378803342402245
408,7418,0.3853418268595264,0.4043112943097056,0.210346878830768
409,12869,0.7224403001705307,0.19819851441752195,0.07936118541194732
410,31569,0.0491552530599794,0.8836681882930059,0.06717655864701472
411,51171,0.456238930900563,0.4291369230292051,0.11462414607023186
412,8882,0.11560638824341872,0.8145884754670496,0.06980513628953162
413,29941,0.04157224389238769,0.7574965368233547,0.20093121928425747
414,54008,0.14166297704046704,0.727664417057693,0.1306726059018399
415,43229,0.5463094827218641,0.36661727722307963,0.08707324005505628
416,17018,0.2322522710542141,0.5822378031160997,0.18550992582968617
417,28196,0.42277030021117545,0.3727850189937396,0.20444468079508496
418,17555,0.013528293039426811,0.9714602209085598,0.015011486052013235
419,8351,0.06373603444043296,0.8941417892196928,0.04212217633987425
420,6603,0.6347874114818153,0.28123132410128854,0.08398126441689618
421,22852,0.07110439070109685,0.38262347216321974,0.5462721371356833
422,44570,0.5107660343570621,0.3628851357432511,0.1263488298996866
423,29139,0.8337083728177933,0.07922630517614311,0.08706532200606347
424,33364,0.26020023263963554,0.19990000982870937,0.5398997575316551
425,29186,0.014293006122308001,0.9748673032926345,0.01083969058505764
426,44531,0.7193143260878405,0.10866607952075903,0.17201959439140033
427,14237,0.5399313608802161,0.2730656017691091,0.1870030373506749
428,19516,0.5813395783893033,0.22213392072890886,0.19652650088178777
429,50412,0.27342419416281677,0.6206123433047999,0.10596346253238333
430,52352,0.01186313120332832,0.9841358471224666,0.004001021674205167
431,52122,0.6217574104586344,0.32953499522972807,0.04870759431163762
432,11311,0.3218720275299034,0.5034754736815897,0.17465249878850692
433,2546,0.058078320435432124,0.7309624143395773,0.21095926522499053
434,3447,0.057147822628288845,0.8813231866238684,0.061528990747842884
435,28230,0.027942276865472022,0.9354699905602476,0.03658773257428029
436,55515,0.03483463280955716,0.8925646444657863,0.07260072272465658
437,54377,0.11832823550773654,0.24055995523888712,0.6411118092533764
438,54211,0.0815266872775395,0.20800649745574784,0.7104668152667126
439,32138,0.013740228604287131,0.6890266993927012,0.29723307200301174
440,21136,0.03069161858247402,0.9544284842773482,0.014879897140177897
441,26711,0.02560198033361853,0.9521604868651847,0.02223753280119672
442,25226,0.46868701653786815,0.3399257636962547,0.19138721976587714
443,20744,0.016832734543931624,0.9712257605711196,0.011941504884948792
444,46777,0.06849024901526826,0.8782982071022971,0.05321154388243455
445,7956,0.12656989687167436,0.44448606954980285,0.4289440335785228
446,7889,0.0300564868559794,0.8890159833096147,0.080927529834406
447,20605,0.4800737533920452,0.31776965760986114,0.20215658899809377
448,50432,0.009417442882782453,0.9745264136322596,0.01605614348495795
449,367,0.03646869935552337,0.8891661649986531,0.07436513564582355
450,13695,0.25389449766111166,0.597901084905288,0.14820441743360024
451,30002,0.1936516270461142,0.7331065845717236,0.0732417883821621
452,56330,0.05279301940475802,0.8407270878061016,0.10647989278914025
453,2557,0.18257836941099612,0.44472431846312904,0.37269731212587487
454,47418,0.21770228131140126,0.5722465459204314,0.21005117276816732
455,17100,0.08914322972804753,0.6988064911272174,0.21205027914473512
456,27717,0.2772694030921858,0.6400946105502942,0.08263598635752009
457,38322,0.37082058447676763,0.44386233088252924,0.18531708464070298
458,36033,0.011620681759530096,0.9755056402021223,0.012873678038347526
459,5882,0.24198733864432923,0.6309134009032532,0.1270992604524176
460,6240,0.42562637192091546,0.31780002354441816,0.2565736045346663
461,54982,0.12884081257940358,0.319347223770968,0.5518119636496284
462,9623,0.035143774337865204,0.9185509668973495,0.04630525876478535
463,51119,0.381278531965082,0.2453350207504131,0.37338644728450493
464,1174,0.6825052655139924,0.1968772293628251,0.12061750512318256
465,28448,0.0867433209019497,0.7583640477698849,0.15489263132816555
466,39256,0.2027214664973069,0.5086573617936675,0.28862117170902557
467,6931,0.1178671793806532,0.7068046094371653,0.17532821118218156
468,406,0.24834364367309475,0.6020529151502981,0.149603441176607
469,5879,0.7824040215874487,0.13313493530572687,0.08446104310682434
470,8024,0.09266785332749479,0.8368833080103109,0.07044883866219442
471,48015,0.06788201884612739,0.8583930015907993,0.07372497956307325
472,8009,0.03713816332260211,0.39898864570300596,0.5638731909743919
473,25180,0.16808652415299197,0.74530835345885,0.086605122388158
474,3349,0.014199855687571004,0.9667837201557237,0.019016424156705142
475,16406,0.015704082292651578,0.9673446289148916,0.016951288792456762
476,43952,0.8262854666001134,0.10310970232713246,0.07060483107275417
477,35579,0.1804144597752017,0.7193049132724114,0.10028062695238697
478,39545,0.5812838553635077,0.23533852404260674,0.18337762059388563
479,27273,0.0700206191702661,0.9151501712538155,0.01482920957591827
480,22894,0.08819619847835272,0.6821198411998036,0.22968396032184382
481,450,0.014251250750661025,0.9397391563507363,0.04600959289860279
482,50429,0.060609640513914355,0.9129678293843323,0.026422530101753272
483,31495,0.6924560941967852,0.08816919915542684,0.21937470664778794
484,54942,0.4115977535701332,0.24996458256566914,0.3384376638641977
485,25035,0.07650389049677182,0.7898620085054886,0.13363410099773954
486,44829,0.2835202589530279,0.6516722621627157,0.06480747888425642
487,40595,0.05049415139363115,0.9156247049035124,0.033881143702856456
488,31163,0.3534461936429422,0.5778747570828859,0.06867904927417193
489,10164,0.41138627455301574,0.41478986476116136,0.17382386068582292
490,30053,0.08238456381680197,0.741084753751068,0.17653068243213005
491,55716,0.47798069154149403,0.22924589382444416,0.2927734146340617
492,35128,0.11091260906646479,0.7807599574608544,0.10832743347268092
493,4659,0.29092291312300644,0.5774957175721916,0.13158136930480185
494,8839,0.07469855391419976,0.7297604359183233,0.19554101016747705
495,9631,0.049331663944839566,0.24871460779452884,0.7019537282606316
496,5641,0.495129743930436,0.2865537166812786,0.21831653938828538
497,35574,0.05319129450540205,0.8902513966829426,0.056557308811655396
498,21786,0.07877364260173403,0.8597844103051432,0.06144194709312272
499,7691,0.5517361326589721,0.3441884193253454,0.1040754480156824
500,22902,0.27299274243980726,0.3758559428574117,0.3511513147027811
501,33361,0.027806453445260514,0.9622217137688863,0.00997183278585314
502,29542,0.14908276069733883,0.7696647603519993,0.08125247895066195
503,8940,0.4492950418064359,0.41642563924897896,0.13427931894458522
504,15645,0.17525125879004677,0.215101260323565,0.6096474808863882
505,15099,0.17050395258100917,0.5828126070995129,0.24668344031947786
506,10468,0.2736823529298303,0.4592629196729898,0.26705472739718
507,11460,0.32820794555636473,0.15981539431530728,0.511976660128328
508,33107,0.39439328866907475,0.4701971404849566,0.1354095708459687
509,34918,0.017224151099979806,0.9417333063286019,0.04104254257141831
510,13243,0.3178597539974137,0.38143569965678187,0.3007045463458046
511,42524,0.21920629148483015,0.6595537259450001,0.12123998257016988
512,33392,0.052836547942311296,0.6960010788197261,0.2511623732379627
513,4462,0.20055502647180054,0.5485776926498616,0.25086728087833793
514,17269,0.04191879499514594,0.8542365803484369,0.10384462465641703
515,54225,0.26225877488783494,0.2246922136909943,0.5130490114211708
516,45016,0.04166204726125505,0.324493138577727,0.6338448141610179
517,10519,0.0665153777874047,0.723616915419335,0.2098677067932603
518,30391,0.7196354228618198,0.16123505461698634,0.1191295225211938
519,28576,0.5707577435358031,0.23251870222062648,0.19672355424357046
520,35517,0.18757695236901076,0.6343525420236682,0.1780705056073211
521,32954,0.13792826062959604,0.8174627259039624,0.044609013466441576
522,22245,0.07989166787320899,0.7276296432581408,0.19247868886865002
523,13546,0.21592809076461994,0.3937617337428498,0.3903101754925303
524,17158,0.016886580991729412,0.9397184010798317,0.04339501792843891
525,46949,0.07891794636826907,0.3744289512782943,0.5466531023534367
526,7360,0.4409778035761405,0.31731531928451673,0.24170687713934272
527,45267,0.06166338249507554,0.8070848655901834,0.13125175191474103
528,18273,0.009394233916297179,0.04917174191235345,0.9414340241713495
529,12222,0.05120076819427761,0.20371737893863945,0.745081852867083
530,21520,0.00976411162701695,0.9737968238283112,0.016439064544671728
531,19338,0.0352710754140024,0.8880610728183026,0.07666785176769494
532,17465,0.12100704993211872,0.6894543086516639,0.18953864141621726
533,2389,0.16609282004699816,0.7939248796022657,0.03998230035073625
534,18807,0.11446636452464465,0.6680357630949332,0.21749787238042217
535,36102,0.13060921381857987,0.7991443007547161,0.07024648542670402
536,14945,0.012388477390564161,0.9661527229900804,0.021458799619355616
537,49303,0.017076105903891248,0.9444356492597574,0.03848824483635132
538,22921,0.050676946536904535,0.9307428878352069,0.018580165627888737
539,4716,0.09491526269724498,0.8437077599564348,0.06137697734632036
540,4897,0.15904218001825193,0.7422504422025962,0.0987073777791518
541,17296,0.47893813409922675,0.36586189253798795,0.15519997336278527
542,31709,0.2800513935446125,0.594833054921696,0.12511555153369133
543,31845,0.04633472009039294,0.9149199901549515,0.03874528975465569
544,25972,0.13714302476643825,0.48896940064697186,0.37388757458658994
545,15141,0.30838079697188525,0.5027797308270024,0.18883947220111233
546,41944,0.01844699193388965,0.9414757606726017,0.04007724739350867
547,41562,0.5262221403625857,0.1952947624675446,0.27848309716986963
548,37227,0.749359060680708,0.12536329847355335,0.12527764084573864
549,18422,0.1253291267698537,0.7198620399884182,0.15480883324172812
550,38530,0.059529799714326384,0.7948427369150828,0.14562746337059085
551,9453,0.01911832944519387,0.8848769793030089,0.09600469125179731
552,56028,0.32480530573946703,0.10204604354895459,0.5731486507115784
553,19676,0.006272231350391526,0.9816688323837586,0.012058936265849897
554,47146,0.33359512583643847,0.5128293424942442,0.15357553166931734
555,5512,0.4972553867629376,0.32085708137821484,0.1818875318588476
556,36660,0.22213290501555635,0.2700513654598036,0.5078157295246399
557,2513,0.13574066656701375,0.7569826577236701,0.1072766757093161
558,41367,0.21271845135794837,0.35262345702300785,0.43465809161904384
559,24784,0.8799800805245459,0.061395696568055505,0.0586242229073985
560,12051,0.14444892924692693,0.7648252646925813,0.09072580606049173
561,10288,0.289805525836665,0.5969782377926909,0.11321623637064421
562,10158,0.23540132605052527,0.38214135828115164,0.38245731566832303
563,55489,0.5082658853127643,0.4455893257400986,0.046144788947137125
564,48937,0.4409932398182774,0.30426924079545603,0.2547375193862665
565,14976,0.8414478819044368,0.06485064395794314,0.09370147413762005
566,54071,0.6502001413332151,0.1274470865560909,0.22235277211069385
567,23246,0.43212475267157313,0.5263868594476948,0.04148838788073199
568,47705,0.3497384563750426,0.3968487868676534,0.2534127567573039
569,45541,0.04467702409783738,0.6716679343172793,0.28365504158488336
570,31969,0.06990207705582702,0.739321930037657,0.19077599290651603
571,40197,0.04594573282032071,0.7447300074395102,0.20932425974016913
572,4621,0.6674225006888058,0.22313425345403465,0.10944324585715956
573,16208,0.5158088359436063,0.19268655905848214,0.2915046049979116
574,27382,0.7618534914868006,0.14061590841132937,0.09753060010186998
575,28620,0.028997365958111268,0.9420148051752317,0.028987828866656917
576,37432,0.45959460585035855,0.4051030420923893,0.1353023520572522
577,45253,0.017071114511404868,0.9572039825322424,0.025724902956352855
578,40013,0.43150741911765,0.5051196509259654,0.06337292995638458
579,18135,0.07396556444531967,0.7146259417728172,0.21140849378186313
580,25615,0.48088600027931416,0.35673789208490525,0.16237610763578053
581,8836,0.38301190649146677,0.28367611061685766,0.33331198289167546
582,18836,0.012450142463442835,0.9223610217140857,0.06518883582247155
583,8506,0.022331839366965037,0.9169078264904472,0.06076033414258784
