,u_id,drunk_driver_involved,other,speeding_driver_involved
0,41633,0.012139002430914002,0.9575972692016889,0.030263728367397224
1,38966,0.6000284253579461,0.289286127178677,0.11068544746337683
2,24020,0.06551283288660543,0.9085858993243039,0.025901267789090777
3,52280,0.019440060322178248,0.9683700822719754,0.012189857405846499
4,47480,0.3478279513427922,0.48408811923199563,0.16808392942521236
5,53521,0.46839855563534305,0.1951154189590838,0.33648602540557304
6,21812,0.0695120554494694,0.7752300633540891,0.15525788119644157
7,40144,0.2313164117722746,0.47796591710348846,0.290717671124237
8,16280,0.32763215980239907,0.38515546871069306,0.2872123714869079
9,21569,0.2696574631579124,0.5194437827752377,0.21089875406685
10,8455,0.10750724660677623,0.7473075870661238,0.14518516632710007
11,5675,0.039821332623558185,0.9153749102559213,0.044803757120520316
12,5689,0.03712524820062367,0.8833913389782674,0.07948341282110906
13,20239,0.6914427435367251,0.15164762498347473,0.15690963147980028
14,708,0.6604531080041142,0.04159621447935546,0.29795067751653037
15,43117,0.1202628094570536,0.5634643700675963,0.31627282047535
16,50159,0.08210015563793178,0.7640115761519273,0.15388826821014107
17,5898,0.2791721408345993,0.46948177329929774,0.25134608586610296
18,20435,0.08079889768460291,0.35753433759076086,0.5616667647246363
19,45560,0.06615474459929531,0.8387433675716668,0.09510188782903792
20,28801,0.02759807620964961,0.9522430746796318,0.020158849110718736
21,36975,0.07394875914998035,0.8182172575612928,0.10783398328872668
22,34436,0.036915683370120723,0.31031200704376605,0.6527723095861132
23,11661,0.2088981405893486,0.6383603646868269,0.15274149472382453
24,11694,0.7543324466576898,0.059293830120131535,0.18637372322217857
25,41285,0.047051079784234555,0.9187019103093265,0.034247009906439
26,13446,0.5143896790396381,0.22917226081702435,0.25643806014333753
27,54630,0.32484677322612826,0.6048295904487005,0.07032363632517125
28,34279,0.14913984282325166,0.7147580046895616,0.1361021524871868
29,50501,0.008659475354635824,0.9789187914982481,0.012421733147116183
30,2324,0.04239066105711451,0.05820227486682336,0.8994070640760622
31,56008,0.6283775517743994,0.13523588343205747,0.23638656479354322
32,5028,0.20566250198776756,0.5879680200672563,0.20636947794497612
33,2110,0.01420307288695505,0.9423886472149929,0.04340827989805214
34,37801,0.04334182091621935,0.8931734442504069,0.06348473483337383
35,22616,0.1458328556924028,0.4465215895394183,0.4076455547681789
36,11429,0.21647757791542493,0.7310938966322735,0.052428525452301616
37,16439,0.12981860445992244,0.6532775471318307,0.21690384840824692
38,9751,0.1486205487402532,0.6181748327524967,0.2332046185072501
39,4782,0.09530923087049785,0.8672654726147907,0.03742529651471161
40,43275,0.04854483171597208,0.8588996837574705,0.09255548452655747
41,24257,0.07021871746626017,0.8805009267991752,0.04928035573456457
42,31429,0.6007741989406229,0.2492556394882164,0.14997016157116064
43,24459,0.3704496333794982,0.299327667175111,0.3302226994453908
44,43924,0.24107636595406864,0.17089438845125207,0.5880292455946793
45,19478,0.023202883313276062,0.9613353339449571,0.015461782741766818
46,54000,0.25090644130554407,0.5395048451374536,0.20958871355700248
47,9140,0.01043618588671208,0.97434387917472,0.015219934938567898
48,51099,0.3100536879186118,0.4304119179574039,0.2595343941239841
49,18233,0.14932636448626635,0.6203410533547727,0.230332582158961
50,14160,0.2626025051887769,0.6148208904610272,0.122576604350196
51,31111,0.12648227525515743,0.7676029710519146,0.10591475369292792
52,29275,0.45351859999859906,0.3565421136751706,0.1899392863262303
53,14615,0.12213957153151028,0.27011744683518135,0.6077429816333084
54,23616,0.637516485694004,0.09654896682436243,0.26593454748163353
55,24351,0.6657867563519969,0.11354972816872216,0.22066351547928093
56,44180,0.057594812933932454,0.8021212311752249,0.1402839558908426
57,37860,0.3060479943569281,0.48503450269334086,0.20891750294973088
58,29410,0.4081183367772959,0.14987558250867347,0.4420060807140305
59,40238,0.19827291179002976,0.6282303385973121,0.1734967496126581
60,56425,0.04947544663733038,0.862719046900052,0.08780550646261764
61,16538,0.14585155804316854,0.7761168549573276,0.07803158699950369
62,39309,0.4585262179577027,0.23014895781033898,0.3113248242319583
63,5963,0.014144360356412825,0.9144606049358786,0.07139503470770857
64,9060,0.018120993050129493,0.9637412756711624,0.01813773127870802
65,24108,0.016405821689363862,0.9584514937061519,0.02514268460448429
66,27739,0.21070171809314053,0.6988857246801884,0.09041255722667114
67,1369,0.17134549109014552,0.6373878248038309,0.19126668410602346
68,24505,0.005475656872239027,0.9809117394098783,0.013612603717882666
69,28112,0.2494552103856046,0.6265234784504197,0.1240213111639757
70,3101,0.14085597675285658,0.6939501061729947,0.16519391707414874
71,30823,0.11518391162160924,0.8003583778636606,0.08445771051472997
72,55844,0.017970636999010994,0.9684126399442555,0.013616723056733374
73,46647,0.12980374511146117,0.6810455396407112,0.18915071524782756
74,14562,0.5841011649782312,0.05629221272460252,0.3596066222971664
75,12603,0.01697179967093299,0.9496268485839477,0.03340135174511946
76,12031,0.015001814098376698,0.9664758141694547,0.01852237173216855
77,42159,0.1129616569140364,0.44431105576013596,0.44272728732582783
78,48553,0.05757991436065038,0.8798144167720156,0.06260566886733406
79,17392,0.47134701790386413,0.11597021558748592,0.4126827665086499
80,46876,0.40741614562163025,0.2943800002237996,0.2982038541545702
81,2283,0.14650456865775466,0.5926631902774342,0.260832241064811
82,9255,0.3234316782221432,0.4909844023123813,0.18558391946547553
83,42651,0.5117926275824245,0.21464781596753066,0.27355955645004476
84,31176,0.04135860935973765,0.924717482503482,0.03392390813678036
85,9786,0.1444630436793899,0.6370517108307717,0.21848524548983825
86,33619,0.403074722035359,0.2307205078462744,0.36620477011836655
87,8229,0.6262119782871252,0.26328100959119777,0.1105070121216771
88,7545,0.002928663960373709,0.9879302611005822,0.009141074939044277
89,34573,0.051326187860746594,0.8475385018916629,0.1011353102475905
90,25763,0.5311883904549373,0.14403586170957725,0.32477574783548535
91,41426,0.059200167483457154,0.8832527538842564,0.057547078632286544
92,16941,0.611657597329599,0.1975831842751975,0.19075921839520332
93,22237,0.08424288501124733,0.7842123834197656,0.13154473156898702
94,27117,0.011028566067519627,0.9749099309327154,0.01406150299976503
95,15653,0.6578899001734212,0.20301307373492183,0.13909702609165708
96,33491,0.04291329797679284,0.9472560521322123,0.009830649890994962
97,48896,0.05084786701406109,0.8618253470103958,0.08732678597554311
98,49075,0.06622570734029752,0.8143767370223691,0.11939755563733323
99,41040,0.10980307430816057,0.7857249944826462,0.10447193120919325
100,26077,0.04044958909705625,0.947601888583664,0.01194852231927974
101,19691,0.11011702633767072,0.5260872066662764,0.36379576699605287
102,55898,0.4933664495394135,0.2991130626321075,0.20752048782847893
103,45949,0.032551774608807656,0.8805651699099369,0.08688305548125543
104,12834,0.01896045801296893,0.9727592920343524,0.008280249952678648
105,35637,0.2942584633228311,0.4974097777484376,0.20833175892873126
106,44521,0.26399647433679424,0.5278883419827374,0.2081151836804683
107,40568,0.675634244342266,0.23039661030490527,0.09396914535282874
108,11107,0.7929360362298551,0.05702392447812274,0.1500400392920221
109,54652,0.37921985539905767,0.5129516470700799,0.10782849753086253
110,6372,0.02114258551372143,0.9618719852352737,0.016985429251004748
111,3757,0.6377187255942399,0.16353832664488663,0.19874294776087348
112,16157,0.03032911742400654,0.9392096538818668,0.030461228694126662
113,38320,0.11666699617868716,0.8279430339282979,0.055389969893014784
114,24591,0.07159134995377059,0.7175103392149195,0.21089831083131003
115,42390,0.0651130582538196,0.8588650194136462,0.07602192233253428
116,20051,0.21604491930258155,0.7204315878663484,0.06352349283106991
117,24556,0.01473515348324984,0.9746706628306038,0.010594183686146275
118,141,0.24492285291022703,0.3234724516689964,0.4316046954207767
119,52343,0.5541073903782864,0.26606744177272923,0.1798251678489844
120,47500,0.03549550279778162,0.9125243684678118,0.051980128734406626
121,51130,0.13776294524995902,0.4522895849974575,0.4099474697525834
122,16451,0.060614343342274,0.7210483078104318,0.21833734884729414
123,25644,0.03855666061609243,0.929031153785174,0.0324121855987335
124,36079,0.41620091078813526,0.4465945412218994,0.13720454798996523
125,54028,0.10197736433349847,0.5082917646981607,0.38973087096834086
126,44271,0.010069495214608062,0.9674338839791081,0.022496620806283684
127,36508,0.006349833345319668,0.9880024344991709,0.005647732155509305
128,13121,0.22598822329185536,0.6760101667482753,0.09800160995986931
129,42941,0.8136825226849124,0.10108538653090417,0.0852320907841835
130,2735,0.6671855613168491,0.28001722022228037,0.05279721846087041
131,48711,0.29414530495848984,0.472434462118279,0.23342023292323102
132,56580,0.0494974703777936,0.6684513897922801,0.2820511398299262
133,10832,0.16023719070526224,0.2927918770633264,0.5469709322314115
134,35993,0.5686421258644625,0.27788573512340753,0.15347213901212992
135,10808,0.4218079422329609,0.3160262831446413,0.2621657746223977
136,30409,0.6177535213499202,0.1366677419465312,0.24557873670354857
137,26535,0.24547412979774677,0.6525279898470134,0.10199788035523982
138,54700,0.04566963910044194,0.905124212344542,0.04920614855501616
139,35679,0.6876243635725192,0.15877884103348586,0.15359679539399484
140,25217,0.4328021760847665,0.2509254189326891,0.3162724049825444
141,18595,0.023726319941102005,0.7755242055176759,0.2007494745412221
142,41209,0.6441687821626566,0.2796038960337296,0.07622732180361372
143,47493,0.7630678007929584,0.1361421136432881,0.10079008556375336
144,21076,0.04704340396381544,0.13116815655807632,0.8217884394781081
145,19368,0.24355025494254623,0.2896920793205501,0.46675766573690375
146,33028,0.014820163376283594,0.9646862286610801,0.02049360796263628
147,14008,0.12118898467365842,0.718400698857481,0.1604103164688605
148,6024,0.3628896985486615,0.3891182195874281,0.24799208186391025
149,19060,0.16730155918754475,0.36659819201551774,0.46610024879693723
150,37271,0.2207896181333708,0.6459091146023759,0.13330126726425337
151,54704,0.3305987644953132,0.4923541114122399,0.17704712409244683
152,39376,0.653348658712874,0.1455981785363776,0.20105316275074844
153,14850,0.5220764055014505,0.329975843932469,0.14794775056608064
154,38003,0.5734722017528959,0.11513518864001854,0.3113926096070855
155,23905,0.02139641675439263,0.9616475625264408,0.01695602071916655
156,7648,0.025232217934062648,0.8200278086419904,0.15473997342394677
157,5822,0.0993053553613451,0.8215231948550569,0.07917144978359801
158,30125,0.021701619913857474,0.9364681584328801,0.04183022165326255
159,9443,0.06164543873826158,0.9210216995447337,0.01733286171700473
160,46440,0.19293141513039125,0.7788887839071107,0.028179800962497944
161,7492,0.11659183173946085,0.7611514061474497,0.1222567621130894
162,42875,0.1357414317180062,0.8130812365343263,0.051177331747667476
163,50184,0.10517566310052537,0.8249989180225852,0.06982541887688948
164,13801,0.010618144852800061,0.8982560761020288,0.09112577904517129
165,29287,0.06719766597759701,0.8752146085498589,0.057587725472544336
166,23056,0.019212672482456224,0.9680439386227043,0.012743388894839466
167,19675,0.12240203220199035,0.7193140469557715,0.15828392084223813
168,40732,0.5824684083927508,0.283319742950499,0.13421184865675023
169,43312,0.01984636833858385,0.9659176033443319,0.014236028317084369
170,35278,0.16381516190435386,0.6967011800200712,0.13948365807557503
171,46709,0.023395134655370426,0.9140192916773275,0.06258557366730216
172,16996,0.36936868814713153,0.433511859771757,0.1971194520811115
173,48148,0.42350757097868136,0.5036061779581017,0.07288625106321686
174,25890,0.17964590134481276,0.6682210885493276,0.15213301010585967
175,36042,0.1564290087002541,0.7439316033584299,0.09963938794131598
176,29864,0.2298268417023762,0.6524379828344863,0.11773517546313748
177,29485,0.6529823761291285,0.1485166775807131,0.19850094629015835
178,31672,0.6296655243772921,0.16184319720694845,0.20849127841575932
179,7037,0.0440248829064611,0.5709350115854857,0.3850401055080533
180,16510,0.3297720599436295,0.5228985609010192,0.14732937915535121
181,15775,0.42257131814085175,0.32453337676463195,0.25289530509451624
182,25888,0.014304474597188985,0.95466548157773,0.031030043825081167
183,25008,0.0780429725461138,0.7664585404256604,0.15549848702822586
184,28926,0.4612171610312334,0.37127955929336837,0.1675032796753982
185,12229,0.6106766915316353,0.20185650177815143,0.18746680669021326
186,24566,0.022926618018049415,0.9428960641151354,0.03417731786681529
187,46773,0.34891849903522737,0.3697179951552519,0.2813635058095208
188,2151,0.14260919568271646,0.652092252855713,0.2052985514615706
189,43657,0.12868197076196974,0.7564952379841687,0.1148227912538616
190,15534,0.7332285311321906,0.11199737106161975,0.15477409780618967
191,18513,0.5020177748979312,0.20274185108924964,0.295240374012819
192,27441,0.02558091523633872,0.8867532023400087,0.08766588242365254
193,31350,0.6358684694423044,0.28185707040045216,0.08227446015724345
194,26156,0.028697167500348897,0.9102988166654369,0.0610040158342142
195,34957,0.21643947660629856,0.6729641648920544,0.11059635850164713
196,1218,0.052310713481328326,0.9197073736992726,0.02798191281939915
197,27047,0.04695162769021561,0.8043077651466264,0.14874060716315818
198,38001,0.3258518997106512,0.4800705053339915,0.19407759495535723
199,50572,0.7454802635229398,0.13346432287929436,0.12105541359776598
200,2975,0.6699863120541891,0.14033282265078784,0.18968086529502307
201,43838,0.7891752582644301,0.08443117323355422,0.1263935685020155
202,38318,0.0399458686885472,0.7582766810033065,0.20177745030814642
203,50060,0.26867933809091354,0.1389850300606479,0.5923356318484385
204,597,0.17618406424487285,0.5399664315479428,0.2838495042071844
205,49345,0.030643869098512418,0.8651073367200159,0.10424879418147183
206,52595,0.0911911897217923,0.8555256696525552,0.05328314062565242
207,8547,0.08094774546470766,0.8717218631859365,0.04733039134935598
208,5445,0.5355015545689552,0.23355652473651828,0.23094192069452657
209,33586,0.14739287558694217,0.2770674109796024,0.5755397134334553
210,24250,0.351104484400397,0.4000548078996721,0.24884070769993086
211,9698,0.6239692110184045,0.22189943922036043,0.15413134976123508
212,43142,0.26580472954525214,0.4333088496666543,0.3008864207880936
213,54850,0.045381237679006696,0.8254464726022022,0.12917228971879108
214,30044,0.08204795774260733,0.7587287053108005,0.15922333694659205
215,45018,0.49356784493899913,0.3418325248291928,0.16459963023180813
216,35274,0.6039123273482978,0.19535009342517606,0.20073757922652616
217,31101,0.0973733157284815,0.7657035134105152,0.1369231708610033
218,16795,0.0508596211318166,0.8777039761195102,0.07143640274867319
219,6373,0.35145965296029275,0.30217448132754043,0.34636586571216677
220,55332,0.10178798391599629,0.045085668749429,0.8531263473345746
221,476,0.42598500429984193,0.26057286387436407,0.31344213182579417
222,32311,0.05224581219595017,0.9307658118016305,0.016988376002419238
223,51552,0.11644970715857343,0.7559765365941518,0.12757375624727485
224,23394,0.01852548293867171,0.9154477978927675,0.06602671916856075
225,16552,0.04326400780019342,0.9350328407995814,0.021703151400225155
226,40070,0.10252201103355017,0.7767504816392593,0.12072750732719044
227,11111,0.6307503309897156,0.11548172751536366,0.2537679414949209
228,42806,0.5025597295179083,0.3004630086492126,0.1969772618328791
229,11688,0.015664205781843583,0.9726065910649181,0.011729203153238214
230,51155,0.03891911184097741,0.9444723649979706,0.01660852316105209
231,30304,0.13141399162803288,0.7724118728793764,0.09617413549259086
232,39993,0.23040826377437046,0.33211297397363754,0.4374787622519921
233,19719,0.47962346573019365,0.4202254787044914,0.1001510555653149
234,7145,0.39965459756129434,0.2268421623544622,0.37350324008424335
235,32917,0.0449907241200651,0.921956794106785,0.03305248177314989
236,2909,0.2834273269957423,0.5176673926517613,0.19890528035249638
237,50415,0.0207627010082338,0.9595544172715499,0.01968288172021645
238,9481,0.3114205741652582,0.578841802827154,0.10973762300758776
239,53804,0.06816361304990624,0.7385824915250014,0.19325389542509225
240,33730,0.05557566617682413,0.8787516513613145,0.06567268246186142
241,21725,0.056966326442859594,0.5837167546948098,0.35931691886233064
242,11527,0.13827943890553138,0.7364420607003113,0.12527850039415728
243,50323,0.1398742393197111,0.7605094365033747,0.0996163241769142
244,13233,0.5081474190078784,0.34335844602425764,0.14849413496786387
245,53672,0.35655263904890355,0.3384263181954462,0.3050210427556502
246,46273,0.8049197109914453,0.0795945184361306,0.11548577057242411
247,30568,0.13369689532416684,0.3193769416731986,0.5469261630026344
248,31852,0.6278137144431655,0.20739455377245797,0.16479173178437648
249,37402,0.03589989931827425,0.08771043412324882,0.8763896665584768
250,8258,0.023809411079891683,0.9588659380442769,0.017324650875831325
251,23833,0.10329137692767167,0.8030719522833394,0.09363667078898895
252,34908,0.04968907577784887,0.8561583280848207,0.09415259613733055
253,38631,0.11849310315093935,0.6176126466663583,0.26389425018270246
254,16323,0.017152200487780652,0.9673877774595687,0.015460022052650568
255,36058,0.2930739818390585,0.06866470349404,0.6382613146669015
256,3140,0.2044164620031814,0.23792216519274148,0.5576613728040771
257,12879,0.35192861397998115,0.5445881071051907,0.10348327891482817
258,56517,0.022246528186183688,0.9601559172077921,0.017597554606024208
259,42584,0.04165229585221676,0.9016939651239497,0.056653739023833374
260,52107,0.32023324106801015,0.40449009057647245,0.2752766683555173
261,50087,0.2845979432964336,0.4914858876476287,0.22391616905593775
262,37358,0.5177241933183958,0.34620286221209917,0.13607294446950494
263,26521,0.19965610855944507,0.6953648839018378,0.10497900753871706
264,17886,0.16115508945169627,0.6999764490490434,0.1388684614992604
265,6037,0.12015437063494859,0.056752683778659496,0.823092945586392
266,41548,0.48890561075855066,0.32469200386855573,0.18640238537289375
267,48889,0.443134334378371,0.3849312321991628,0.17193443342246612
268,32258,0.09993995469772093,0.6352739191269389,0.26478612617534014
269,12876,0.16172378687680908,0.5986812187449266,0.23959499437826431
270,13409,0.7767259781399396,0.12232862655173218,0.10094539530832823
271,53096,0.8065128820347657,0.12102966682358889,0.07245745114164538
272,38329,0.6052829295582316,0.31724523195215987,0.07747183848960844
273,1852,0.09565030752697058,0.8845405092856867,0.019809183187342688
274,29177,0.2074911926985609,0.5816431149604716,0.21086569234096764
275,29163,0.07666378928351374,0.8328206149140859,0.09051559580240034
276,7965,0.0260413421755435,0.9408632694288596,0.03309538839559694
277,16880,0.17656364184468162,0.5721053871786332,0.25133097097668516
278,21098,0.02176319933452889,0.9172518722187132,0.06098492844675784
279,6952,0.7151856469093734,0.26288461159524756,0.021929741495379074
280,51571,0.023828729084804573,0.8429957719227457,0.13317549899244985
281,8957,0.02930439733785988,0.7050632295450265,0.2656323731171135
282,42865,0.04122278835150237,0.9032420921575084,0.05553511949098916
283,49753,0.18002597617704105,0.7066819186450433,0.11329210517791581
284,39567,0.39344547320285733,0.27518980082587713,0.3313647259712654
285,8664,0.18457563542530522,0.5583018912294995,0.2571224733451955
286,44238,0.0672600418466217,0.8913196214274444,0.04142033672593397
287,36626,0.04234565562225195,0.9184486278772329,0.03920571650051507
288,31893,0.014683039619835837,0.9424973716848576,0.0428195886953066
289,19693,0.011568114271335472,0.9803326932215926,0.008099192507071924
290,6959,0.05046328086802278,0.8841911771468519,0.06534554198512521
291,43936,0.10152593105763535,0.4218605210320324,0.4766135479103322
292,55063,0.23938396712824384,0.6054415647582512,0.15517446811350494
293,14801,0.5529750259718993,0.28159536583053246,0.16542960819756827
294,28733,0.06458580076808962,0.7073721283563439,0.2280420708755664
295,30922,0.030151660998531133,0.8834549353760338,0.08639340362543506
296,36645,0.11670522269456829,0.7543737478198649,0.12892102948556677
297,16282,0.4954199016583648,0.2894972536974997,0.21508284464413552
298,56287,0.027825821365305113,0.9519394680496244,0.02023471058507052
299,32683,0.009153456851113129,0.9595438061235118,0.03130273702537496
300,46794,0.059544032818873445,0.6421946736767843,0.2982612935043424
301,16376,0.19111502401156993,0.5767412231878545,0.23214375280057553
302,14419,0.12974176684136166,0.6869661553615498,0.18329207779708862
303,10910,0.7424055229770598,0.22163490218136062,0.03595957484157959
304,3825,0.22518597223066666,0.6607251080079141,0.11408891976141948
305,43013,0.07711412722587173,0.8504518424528509,0.07243403032127733
306,38783,0.11984712932362505,0.8074046927173255,0.07274817795904957
307,29420,0.1985016258370904,0.46763546008023726,0.33386291408267227
308,49516,0.1379084598121731,0.7001187150180171,0.16197282516980976
309,55474,0.20710024520601233,0.5394886550110416,0.253411099782946
310,6992,0.25825110421261077,0.5914727207574206,0.15027617502996854
311,18823,0.05534342321498288,0.8809157485900294,0.06374082819498764
312,37954,0.045578527196250274,0.8998710371656956,0.05455043563805402
313,13050,0.1778335275595445,0.67919231203862,0.14297416040183544
314,41886,0.027689888715075307,0.5459581924298412,0.4263519188550835
315,24955,0.040819380954402476,0.9190263303982197,0.0401542886473777
316,30837,0.003466267089017816,0.9912227930365166,0.0053109398744654816
317,34736,0.02930735275919172,0.909908061546236,0.060784585694572256
318,12008,0.6650162435525901,0.2184641432596247,0.11651961318778499
319,3739,0.10086725557014237,0.31044417071280367,0.588688573717054
320,48479,0.31089886758971025,0.4663867648754999,0.22271436753478988
321,7496,0.3446950725925565,0.4861993611623603,0.16910556624508327
322,21140,0.5338252420734172,0.2784597224209099,0.18771503550567303
323,46762,0.030122921135054548,0.8729216591455209,0.09695541971942458
324,33878,0.24768180068125037,0.287359875768361,0.4649583235503887
325,50633,0.13773296655976153,0.801221801582124,0.061045231858114536
326,35710,0.34480075620625966,0.28949002916546024,0.3657092146282802
327,4732,0.4045708023419091,0.4258737147019082,0.16955548295618264
328,46814,0.7066730316081508,0.1593284084185693,0.13399855997327986
329,36216,0.21832602785132554,0.5372637601129266,0.2444102120357478
330,17130,0.1531048824451001,0.4239302478887437,0.42296486966615615
331,52079,0.4833692204181723,0.34632878929598954,0.1703019902858381
332,5672,0.055548068696559275,0.7244318925577047,0.22002003874573625
333,48823,0.15041673351052026,0.6735243482972313,0.17605891819224834
334,36815,0.13583811752227687,0.7048698622628142,0.15929202021490893
335,11579,0.011369501821058007,0.9353591209827669,0.05327137719617518
336,24317,0.1833249725736142,0.6598330428006788,0.156841984625707
337,23830,0.017842584843637918,0.9609409832802084,0.021216431876153623
338,48526,0.34916822633803135,0.37925714783364983,0.27157462582831876
339,41617,0.706400734657309,0.1568478327654203,0.13675143257727074
340,31096,0.045229002132768745,0.9087192466800023,0.04605175118722887
341,23505,0.633939137890025,0.2721456151557078,0.09391524695426721
342,45385,0.10231422574140883,0.7987495916779427,0.09893618258064832
343,28616,0.056311988481533716,0.8861785644142315,0.05750944710423482
344,53889,0.11020510402936708,0.16862895869932654,0.7211659372713063
345,8130,0.425623452881075,0.1662387913228233,0.40813775579610184
346,50511,0.7288927289202648,0.13632923792764987,0.13477803315208525
347,11048,0.09666261996805843,0.3497555903644134,0.553581789667528
348,45439,0.16488503702900661,0.605366377497384,0.22974858547360946
349,47628,0.39386148924704306,0.35145603714193313,0.2546824736110238
350,19442,0.4111248981245384,0.37270707544412807,0.21616802643133343
351,50348,0.01122105322031675,0.9721744763846022,0.016604470395081162
352,45125,0.1958064232861025,0.6658455329447874,0.13834804376911009
353,15480,0.01889960332702572,0.9550692710834705,0.026031125589503695
354,5785,0.5314932222126176,0.42923244462887894,0.03927433315850353
355,22950,0.6448937654444604,0.24782291871136472,0.1072833158441749
356,48285,0.766937401035324,0.11336565423678133,0.11969694472789454
357,39728,0.8087008448885438,0.12437067401899579,0.06692848109246044
358,50648,0.04673927374064542,0.9114197015972926,0.04184102466206199
359,39162,0.009227257640013828,0.916612833058005,0.07415990930198117
360,17040,0.7829932772465049,0.0927338444016089,0.1242728783518864
361,41394,0.02877404952759929,0.9634980919115945,0.007727858560806195
362,53765,0.08848857753807506,0.7335037703280319,0.17800765213389289
363,43503,0.32103595406330043,0.559863975607387,0.11910007032931248
364,8465,0.5796382757429513,0.22219889319477332,0.19816283106227534
365,15858,0.26766822465741097,0.4020724671978517,0.33025930814473753
366,27992,0.04051863353425234,0.7470313715175675,0.2124499949481802
367,31428,0.5505919346913324,0.2030025305129023,0.24640553479576538
368,54432,0.6720838345294969,0.19891939673749173,0.1289967687330113
369,32182,0.052917414561627324,0.872482903306139,0.07459968213223375
370,2410,0.012765873105591227,0.9151638013133908,0.07207032558101803
371,21454,0.3499908884585431,0.3761166659649154,0.2738924455765415
372,15178,0.30525902041045033,0.41564343422178285,0.2790975453677668
373,43882,0.2799891128506392,0.13820194985789622,0.5818089372914645
374,45689,0.03107729299939169,0.8329786206411943,0.13594408635941407
375,16804,0.12935452901672442,0.16575338148659288,0.7048920894966827
376,2799,0.4781023804111513,0.2148519837522361,0.3070456358366127
377,37350,0.35134120151879616,0.5025610722963841,0.14609772618481975
378,29841,0.5048575929036853,0.35943896125059394,0.13570344584572086
379,12201,0.1613126749773308,0.7772923653399534,0.06139495968271582
380,32347,0.6768513726796445,0.16996574333896083,0.15318288398139465
381,27940,0.4747709874812351,0.32648903124500966,0.19873998127375514
382,39360,0.42815772921818224,0.4555182217592217,0.11632404902259595
383,30727,0.010064219975945558,0.9685191011756151,0.02141667884843929
384,31648,0.5170187181253352,0.27169443352574724,0.21128684834891748
385,3549,0.1013777259723412,0.8240814881411631,0.07454078588649567
386,53608,0.4438202838959256,0.06657921955278127,0.48960049655129306
387,48758,0.05598182617361204,0.8859000854995822,0.05811808832680591
388,24247,0.3993933143599569,0.5289501545838606,0.07165653105618257
389,23458,0.01595439577803409,0.9775586323305654,0.006486971891400418
390,8034,0.6377448014482743,0.13732705976128354,0.22492813879044224
391,54189,0.316568802779928,0.4822255145642097,0.2012056826558623
392,54589,0.45867438472827343,0.2722742944302432,0.26905132084148337
393,55756,0.3992966068061529,0.38649093454122346,0.21421245865262373
394,52810,0.01441225454599381,0.9760843761805129,0.009503369273493247
395,54475,0.0387013982296168,0.8148113770122797,0.14648722475810358
396,36344,0.5215692105420775,0.2654325607900552,0.2129982286678672
397,34187,0.717713948257132,0.12991924889304143,0.15236680284982645
398,45882,0.040478892010837444,0.8781776362185336,0.08134347177062895
399,32637,0.6393802375565343,0.10235773850976874,0.258262023933697
400,32794,0.03483378129493811,0.8865274821896585,0.07863873651540336
401,48482,0.20558455292064515,0.5617887414842049,0.23262670559515
402,30153,0.010691877905136215,0.9753173837414686,0.01399073835339527
403,27002,0.04700015949936098,0.9116061353742593,0.04139370512637972
404,1991,0.5785417083558706,0.27084862366555196,0.15060966797857758
405,41343,0.09519962676688412,0.8028751181427516,0.10192525509036422
406,12653,0.011355668693511265,0.9751032782179838,0.01354105308850493
407,16344,0.5661580751674996,0.40374065593256836,0.03010126889993216
408,7418,0.4048215532509967,0.39149787421005233,0.20368057253895094
409,12869,0.6974187054504316,0.2160658161364959,0.08651547841307257
410,31569,0.05537042651261676,0.8778921127743751,0.06673746071300803
411,51171,0.4535227387623943,0.43128054529782456,0.11519671593978123
412,8882,0.12570798294545718,0.7975513334906801,0.07674068356386282
413,29941,0.04014759584321508,0.7586225121058562,0.2012298920509288
414,54008,0.14759385833623978,0.7226364488292617,0.1297696928344985
415,43229,0.5523736021846526,0.3617169963453991,0.08590940146994824
416,17018,0.23666257121826592,0.5788931582779755,0.18444427050375858
417,28196,0.4290558363284145,0.3687257100189796,0.20221845365260585
418,17555,0.01305160186347975,0.9719296581076434,0.015018740028876792
419,8351,0.060964708232707526,0.8967884344661602,0.04224685730113218
420,6603,0.6322441916735947,0.28318972612967563,0.08456608219672969
421,22852,0.09023521307576458,0.37474325224501176,0.5350215346792236
422,44570,0.5420729367565715,0.33966350698324355,0.118263556260185
423,29139,0.8447050387703505,0.07398716459257783,0.08130779663707147
424,33364,0.2580971770364186,0.200468272829458,0.5414345501341232
425,29186,0.013789745723049843,0.9753650294032595,0.01084522487369062
426,44531,0.7267226166932643,0.10579799621311649,0.16747938709361918
427,14237,0.4923274112801718,0.30132008390245446,0.2063525048173739
428,19516,0.5963882319046118,0.21414936753377845,0.18946240056160982
429,50412,0.28991481096496413,0.6065267100454734,0.1035584789895625
430,52352,0.012153735488938965,0.9838464195099281,0.003999845001132778
431,52122,0.6275006874832477,0.32453129966703703,0.04796801284971551
432,11311,0.3272417959611446,0.49948869417353914,0.17326950986531617
433,2546,0.053738940987746606,0.7343299164861274,0.211931142526126
434,3447,0.05522016470483886,0.8831250487445579,0.06165478655060338
435,28230,0.026971572496461937,0.9364041581362085,0.03662426936732946
436,55515,0.03698616424070914,0.8905749534219672,0.07243888233732361
437,54377,0.16270841120499782,0.3108477228721384,0.5264438659228639
438,54211,0.08599959202148952,0.20699351946678,0.7070068885117304
439,32138,0.01396243731225096,0.6888714586163204,0.2971661040714287
440,21136,0.03259590226594664,0.9525534333394897,0.014850664394563586
441,26711,0.025537201266145816,0.9602120547606399,0.014250743973214483
442,25226,0.4841921254831735,0.330005836716337,0.18580203780048937
443,20744,0.01665240877863741,0.9714038961078709,0.011943695113491583
444,46777,0.0674136840115252,0.8793132744288785,0.05327304155959617
445,7956,0.14112061356804767,0.437081251636682,0.42179813479527045
446,7889,0.030815045389715,0.8883207153361417,0.08086423927414335
447,20605,0.5004433402601092,0.3053201290720188,0.19423653066787216
448,50432,0.009660305907380247,0.9742874871231416,0.01605220696947813
449,367,0.03368616147909047,0.8917339472086305,0.07457989131227895
450,13695,0.2696443748780034,0.5852797215115257,0.1450759036104708
451,30002,0.1919468911467757,0.7346564768449388,0.07339663200828542
452,56330,0.05524272021555991,0.838552769129346,0.10620451065509419
453,2557,0.19626367096110775,0.43727872835750586,0.36645760068138633
454,47418,0.22191615004294873,0.5691641237568689,0.2089197262001824
455,17100,0.08623504138960618,0.7010376442070989,0.21272731440329481
456,27717,0.2822047292533498,0.6357235825481797,0.08207168819847052
457,38322,0.39003204397019037,0.43030937129736146,0.17965858473244817
458,36033,0.011905418457782178,0.9752246122101447,0.012869969332073168
459,5882,0.24650885509390522,0.6271500266670761,0.12634111823901875
460,6240,0.4316253400630753,0.31448080392217226,0.2538938560147523
461,54982,0.1306778071734404,0.318673823166166,0.5506483696603937
462,9623,0.037313661456215605,0.9164852167289748,0.04620112181480957
463,51119,0.38512359828296827,0.24381037763776758,0.3710660240792641
464,1174,0.6958202374096374,0.18862066794267343,0.11555909464768921
465,28448,0.0880407544745726,0.7572866650379911,0.15467258048743637
466,39256,0.20536352173514072,0.5069717515702422,0.28766472669461707
467,6931,0.12294451947879562,0.7027364155085825,0.17431906501262187
468,406,0.24161945491271614,0.6074387772016612,0.15094176788562272
469,5879,0.7851609027701519,0.13144815230273924,0.08339094492710886
470,8024,0.09175093614198694,0.8377290321370195,0.0705200317209936
471,48015,0.07858736139823937,0.8485343878614628,0.07287825074029794
472,8009,0.03772429284968325,0.398745766592724,0.5635299405575928
473,25180,0.17489824287131264,0.7392057586463217,0.0858959984823657
474,3349,0.014047332438466918,0.9669333011788448,0.019019366382688217
475,16406,0.01616484920743087,0.9668917972083135,0.016943353584255735
476,43952,0.83880341548073,0.09567956992793111,0.06551701459133888
477,35579,0.17880041300293217,0.7207214728828049,0.10047811411426304
478,39545,0.6025251300303643,0.22339991051429045,0.17407495945534524
479,27273,0.06931067085578531,0.915848798916935,0.014840530227279507
480,22894,0.08749952656822957,0.6826410210105354,0.22985945242123518
481,450,0.01448160242528917,0.9395195562867809,0.045998841287929956
482,50429,0.058761575267936246,0.9147639135139418,0.026474511218121735
483,31495,0.6959096661870179,0.0871791009260077,0.21691123288697453
484,54942,0.3266164533064705,0.2860662721414349,0.38731727455209475
485,25035,0.07531154688370945,0.7908818145570254,0.13380663855926508
486,44829,0.30656500627466327,0.6307119729072045,0.06272302081813225
487,40595,0.04549644540611147,0.9204440781351083,0.0340594764587803
488,31163,0.3644785884092197,0.5680142591894061,0.06750715240137421
489,10164,0.41533115103375196,0.41200995204216806,0.1726588969240799
490,30053,0.08108574635531766,0.7421337049572675,0.17678054868741477
491,55716,0.4575064636796188,0.238237194702607,0.30425634161777415
492,35128,0.11719248227872646,0.7752452312460141,0.10756228647525934
493,4659,0.3097942947197365,0.56212624328163,0.1280794619986334
494,8839,0.07222423952720312,0.7317118613195175,0.19606389915327932
495,9631,0.0485263785904219,0.24892528719079204,0.7025483342187862
496,5641,0.4832831825651064,0.29327757523368314,0.22343924220121036
497,35574,0.05138982047947383,0.8919452602462618,0.0566649192742645
498,21786,0.08340451244105752,0.855462400125965,0.0611330874329775
499,7691,0.54902544476325,0.3462697545613242,0.10470480067542592
500,22902,0.285502694004732,0.3693884150691543,0.3451088909261137
501,33361,0.027342437555984173,0.9626809702263867,0.009976592217629086
502,29542,0.1708498114527807,0.7412811500896195,0.08786903845759976
503,8940,0.46471974379034814,0.40476196836984735,0.13051828783980454
504,15645,0.1818829177649814,0.19560983380703684,0.6225072484279818
505,15099,0.18234510569155518,0.5744928889563161,0.2431620053521287
506,10468,0.2901823212940931,0.4488297109026248,0.26098796780328204
507,11460,0.38248595132983304,0.1469029747087381,0.47061107396142876
508,33107,0.40590140748073866,0.4612621593224894,0.1328364331967719
509,34918,0.017501702415096763,0.9414673460712822,0.04103095151362095
510,13243,0.32518340109948274,0.3773405000658073,0.2974760988347101
511,42524,0.21119982838363427,0.6663169625239386,0.12248320909242719
512,33392,0.0570681444328341,0.6928915883551866,0.2500402672119793
513,4462,0.22688122722826742,0.5305127013803779,0.24260607139135484
514,17269,0.0404827725412616,0.8555169550222136,0.10400027243652461
515,54225,0.2783339534524895,0.21979623209985966,0.5018698144476509
516,45016,0.0426542514167965,0.3241571783461392,0.6331885702370643
517,10519,0.0654676731529046,0.7244290731966004,0.21010325365049515
518,30391,0.7245509170010968,0.15840819976211934,0.11704088323678388
519,28576,0.5680720330883838,0.23397354013178256,0.1979544267798336
520,35517,0.1753633231026352,0.6438891335753878,0.180747543321977
521,32954,0.13238711007278584,0.8227171424820102,0.04489574744520401
522,22245,0.08348796822925734,0.7247856577688757,0.19172637400186687
523,13546,0.21869505391029917,0.39237216195407376,0.388932784135627
524,17158,0.01795018307067781,0.9387017468203234,0.04334807010899885
525,46949,0.08730127610560069,0.37102104494748195,0.5416776789469174
526,7360,0.44702474479358695,0.31388292054367345,0.23909233466273966
527,45267,0.06934473966637629,0.800477953950484,0.13017730638313968
528,18273,0.01018401247491742,0.04913253884208876,0.9406834486829939
529,12222,0.05430626381166608,0.20305059569696693,0.742643140491367
530,21520,0.010671974532693057,0.9729040325001042,0.0164239929672028
531,19338,0.03744851743570283,0.8860566740193128,0.07649480854498437
532,17465,0.1277763298447044,0.6841446992835332,0.18807897087176242
533,2389,0.17334835642470323,0.787017215315883,0.039634428259413754
534,18807,0.11376392356090179,0.6685656759818572,0.21767040045724095
535,36102,0.10470448323607548,0.822955937749998,0.07233957901392643
536,14945,0.011951462861060809,0.9665802420783046,0.021468295060634576
537,49303,0.01751298360424345,0.9440158783323668,0.03847113806338987
538,22921,0.04513806644024929,0.9361733608841101,0.018688572675640763
539,4716,0.07848522186995384,0.859023621964778,0.06249115616526828
540,4897,0.1612300868286843,0.7403193408334732,0.0984505723378425
541,17296,0.4944667613296185,0.3549585174901776,0.150574721180204
542,31709,0.2927545552989354,0.5843374994810223,0.12290794522004221
543,31845,0.04916036608456799,0.9122091438447901,0.03863049007064205
544,25972,0.14021352088735825,0.48722939194213544,0.3725570871705061
545,15141,0.32830092570030517,0.49335394113612185,0.17834513316357284
546,41944,0.018918267544955153,0.9410237274550696,0.04005800499997516
547,41562,0.5464916797990418,0.186939507343131,0.2665688128578272
548,37227,0.7643570785312529,0.11786172672946428,0.11778119473928281
549,18422,0.12817441221998263,0.7175203443276089,0.15430524345240829
550,38530,0.05752669735522151,0.7965356681328379,0.14593763451194067
551,9453,0.02031959298226834,0.8837932905340751,0.0958871164836567
552,56028,0.34293217576118196,0.09930642580111664,0.5577613984377014
553,19676,0.006049651204094433,0.9818887115088272,0.012061637287078165
554,47146,0.3311644047653708,0.5146998946720432,0.15413570056258596
555,5512,0.5127934382612164,0.3109405278781353,0.17626603386064835
556,36660,0.2365371438545214,0.26505065982261583,0.4984121963228628
557,2513,0.14146446786699102,0.7519693264783734,0.10656620565463565
558,41367,0.24564301482266132,0.2759210101376955,0.4784359750396431
559,24784,0.8867940339175328,0.057910046712822544,0.055295919369644696
560,12051,0.15093010651598868,0.7590313754792039,0.09003851800480737
561,10288,0.29488894366857105,0.5927051971965495,0.11240585913487958
562,10158,0.2519508782236062,0.37387000160497746,0.37417912017141636
563,55489,0.5039402265590663,0.44950906063314733,0.04655071280778626
564,48937,0.4382946520848087,0.30573809108380595,0.25596725683138544
565,14976,0.8436062243045099,0.06396784342391237,0.09242593227157775
566,54071,0.6538910520779865,0.12610232952001743,0.22000661840199603
567,23246,0.42788323675692735,0.5303184945244329,0.04179826871863959
568,47705,0.3702776754449115,0.38431388571749786,0.2454084388375907
569,45541,0.04315076799247727,0.6727410135913942,0.28410821841612854
570,31969,0.07405333751019319,0.7360221507181893,0.18992451177161754
571,40197,0.04708583344669785,0.7438400505710464,0.20907411598225564
572,4621,0.6710236340007498,0.22071816639218209,0.10825819960706823
573,16208,0.5885129553921089,0.1637535515071977,0.24773349310069337
574,27382,0.8053015770569136,0.11496156621955222,0.07973685672353427
575,28620,0.02869052578039678,0.9423124850991538,0.028996989120449415
576,37432,0.47183951457665835,0.38411033058704264,0.14405015483629902
577,45253,0.016783150329389117,0.9574844102070431,0.025732439463567795
578,40013,0.4019693105029793,0.5313649874777602,0.06666570201926043
579,18135,0.07833781735062978,0.711251849805865,0.21041033284350524
580,25615,0.47181770533203665,0.3629696724376537,0.16521262223030977
581,8836,0.4044495981871213,0.27381958167438714,0.3217308201384916
582,18836,0.013508391564742627,0.9440902534978429,0.04240135493741448
583,8506,0.021551718249041615,0.9176394644709367,0.06080881728002174
